
1 0 0 1402248430    후 8시, 인터파크에서 서울 공연 티켓 예매가 오픈됩니다
7 0 0 1402248442    주룩주룩~멈추지 않아요..~
9 0 0 1402274151    미세먼지가 심했으나, 오늘은 날씨가 참 좋습니다
3 1 0 1402248434    요즘 바람이나 쐬러 한강에 왔어요.
5 1 0 1402248438    대박나세요!!!
6 2 0 1402248440    미세먼지가 심했으나, 오늘은 날씨가 참 좋습니다
8 2 0 1402256459    확인
2 3 0 1402248432    나오길 잘했다 벌써 저렇게 차가 막히잖아
4 4 0 1402248436    ppt만 쓰다가 prezi의 신세계 발견
10 5 0 1402276134    타임 라인
11 5 0 1402276144    롸잇 트윗
12 5 0 1402276158    뀨뀨
13 6 0 1402276177    헿죽
14 6 0 1402276184    뀨삉
15 6 0 1402276192    잉
16 7 0 1402277118  라디오
17 7 0 1402277124  오디오
18 7 0 1402277127  오디션
19 8 0 1402277224 인삼
20 8 0 1402277225 삼베
21 8 0 1402277228 베게
22 8 0 1402277235 게껍딲지
23 8 0 1402277240 지렁이
24 8 0 1402277240 이무기
25 8 0 1402277241 기러기
26 8 0 1402277241 기찻길
27 8 0 1402277241 길동무
28 8 0 1402277241 무다리
29 8 0 1402277241 리어카
30 8 0 1402277241 카메라
31 8 0 1402277241 라면
32 8 0 1402277241 면발
33 8 0 1402277242 발가락
34 8 0 1402277242 낙지
35 8 0 1402277242 지붕
36 8 0 1402277242 붕대
37 8 0 1402277242 대나무
38 8 0 1402277242 무좀
39 8 0 1402277242 좀도둑
40 8 0 1402277242 둑댐
41 8 0 1402277243 댐방
42 8 0 1402277243 방망이
43 8 0 1402277243 이니셜
44 8 0 1402277243 셜리
45 8 0 1402277243 리자몽
46 8 0 1402277243 몽타주
47 8 0 1402277244 주름살
48 8 0 1402277244 살구골
49 8 0 1402277244 골수
50 8 0 1402277244 수납장